[gd_scene format=3 uid="uid://ca1f6b6qbyfvx"]

[ext_resource type="Script" uid="uid://djfu051k63haf" path="res://Code/Scripts/rays_schieten.gd" id="2_rbvbe"]
[ext_resource type="PackedScene" uid="uid://cgb4u6fgjtacl" path="res://Prefabs/schaap.tscn" id="3_bski0"]
[ext_resource type="Material" uid="uid://ltecfd50t77k" path="res://Materials/test-material-sander.tres" id="3_mrk32"]
[ext_resource type="Shader" uid="uid://pblyf0icafbm" path="res://Materials/Shaders/gras_surface.gdshader" id="4_bski0"]
[ext_resource type="Script" uid="uid://c2wklgdy1mnnf" path="res://Code/Scripts/gras_manager.gd" id="5_bski0"]
[ext_resource type="Script" uid="uid://d04efkm2pno5c" path="res://Code/Scripts/gras_mesh.gd" id="6_mrk32"]
[ext_resource type="ArrayMesh" uid="uid://b6jqhpywkcs2n" path="res://Models/gras.res" id="7_4keu6"]
[ext_resource type="ArrayMesh" uid="uid://d3cx6yocplyo2" path="res://Models/gras_quads.res" id="8_5ave8"]

[sub_resource type="SphereMesh" id="SphereMesh_4keu6"]
material = ExtResource("3_mrk32")
radius = 0.05
height = 0.1

[sub_resource type="Environment" id="Environment_kes36"]
background_mode = 1
background_color = Color(0.69438565, 0.8189457, 0.9117218, 1)
ambient_light_color = Color(1, 1, 1, 1)

[sub_resource type="NavigationMesh" id="NavigationMesh_rbvbe"]
vertices = PackedVector3Array(1, 0.27263618, -15, 3.6000004, 0.27263618, -15.4, 3.3999996, 0.27263618, -24.6, -8.799999, 0.27263618, -6.3999996, -7.6000004, 0.27263618, -6.799999, 1.3999996, 0.27263618, -10.2, -24.6, 0.27263618, -3.7999992, -11.8, 0.27263618, -3.7999992, -24.6, 0.27263618, -24.6, 19.600002, 0.27263618, -5.799999, 19.8, 0.27263618, -3.7999992, 24.600002, 0.27263618, -4, 5, 0.27263618, -15.4, 5.3999996, 0.27263618, -15, 24.600002, 0.27263618, -24.6, 5.6000004, 0.27263618, -10.599999, 10, 0.27263618, -5, 1.8000011, 4.1726365, -14.4, 2, 4.1726365, -10.8, 4.800001, 4.1726365, -11, 4.6000004, 4.1726365, -14.599999, 2, 0.27263618, -14.2, 2.2000008, 0.27263618, -11, 4.6000004, 0.27263618, -11.2, 4.3999996, 0.27263618, -14.4, 10.600002, 0.27263618, 2.6000004, 10.600002, 0.27263618, 0.20000076, 10, 0.27263618, 0, 7, 0.27263618, 0.6000004, 7, 0.27263618, 2.2000008, 9.600002, 0.27263618, 3.2000008, 6.6000004, 0.27263618, 2.3999996, 9, 0.27263618, 4.200001, 9.600002, 0.27263618, -4.799999, 4.6000004, 0.27263618, -10, 1.8000011, 0.27263618, -9.8, -5.3999996, 0.27263618, -4, -3.7999992, 0.27263618, -2, 5.200001, 0.27263618, 0.39999962, 9.799999, 0.27263618, -1, -3.7999992, 0.27263618, -1.3999996, -8, 1.7726364, 0.39999962, -7.3999996, 1.7726364, 0.39999962, -4.799999, 1.7726364, -1.6000004, -7.799999, 1.7726364, -5.799999, -10.8, 1.7726364, -3.7999992, -7.799999, 0.27263618, 0.20000076, -5.199999, 0.27263618, -1.6000004, -7.799999, 0.27263618, -5.3999996, -10.4, 0.27263618, -3.7999992, 10.400002, 4.1726365, -4.199999, 10.799999, 4.1726365, -0.6000004, 19.2, 4.1726365, -1.1999989, 19, 4.1726365, -5, 10.799999, 0.27263618, -4, 11, 0.27263618, -0.79999924, 19, 0.27263618, -1.3999996, 18.8, 0.27263618, -4.6000004, 19.8, 0.27263618, -0.39999962, 17.8, 0.27263618, 8, 17.8, 0.27263618, 9.400002, 24.600002, 0.27263618, 9.400002, 17.2, 0.27263618, 7.4000015, -10.2, 0.27263618, 5.200001, -7.799999, 0.27263618, 5.200001, -7.799999, 0.27263618, 1.3999996, -8.799999, 0.27263618, 0.80000114, -11.599999, 0.27263618, -3, -24.6, 0.27263618, 4.800001, -9.8, 0.27263618, -1, 7.799999, 0.42263603, 8.600002, 7.4000015, 0.5726361, 7.6000023, 6.800001, 0.27263618, 7.6000023, 6.6000004, 0.27263618, 10.200001, -7, 0.27263618, 1.2000008, -4.199999, 0.27263618, 5.3999996, 6.800001, 0.27263618, 7, 5, 0.27263618, 2.2000008, 1.8000011, 0.27263618, 10.200001, 2, 0.27263618, 11, -4.199999, 0.27263618, 8.600002, -4.6000004, 0.27263618, 8.799999, -0.39999962, 0.27263618, 10.600002, -0.19999886, 0.27263618, 10.200001, 6.6000004, 0.27263618, 10.799999, 5.800001, 0.7226362, 1.2000008, 5.800001, 0.7226362, 1.6000004, 6.200001, 0.7226362, 1.6000004, 6.200001, 0.7226362, 1.2000008, 11.400002, 4.1726365, 11.799999, 9.600002, 4.1726365, 12.400002, 10, 4.1726365, 12.600002, 11.400002, 4.1726365, 12.200001, 10.600002, 1.922636, 4, 11, 1.7726364, 5.6000004, 13.799999, 2.672636, 7.799999, 16.2, 3.422636, 8.600002, 15.400002, 3.2726364, 7.9428596, 12.200001, 2.0726361, 5.314287, 15.400002, 3.2726364, 8.333336, 10, 4.322636, 13.600002, 11.400002, 4.7726364, 14.400002, 12.200001, 4.1726365, 12.200001, 14.600002, 3.2726364, 9.200001, 14.600002, 3.1226363, 8.600002, 10.400002, 1.4726362, 5.6000004, 9.799999, 1.7726364, 4.3999996, 10.400002, 0.27263618, 4.200001, 10, 0.27263618, 5, 10.799999, 0.27263618, 5.3999996, 10.799999, 0.27263618, 14.200001, 10.799999, 0.27263618, 14.600002, 11.799999, 0.27263618, 15.200001, 16.2, 0.27263618, 9.200001, 14.400002, 0.27263618, 9.799999, 11, 0.27263618, 6.800001, 8, 0.27263618, 10.200001, 8, 0.27263618, 10.799999, 10.400002, 0.27263618, 12.600002, 13, 0.27263618, 9.400002, 13, 0.42263603, 7.799999, 15.799999, 0.27263618, 8, 14.600002, 0.27263618, 8.600002, 13.799999, 0.27263618, 7.799999, -10.4, 0.42263603, 8, -5, 0.7226362, 8, -5, 0.7226362, 6, -10.4, 0.42263603, 6, -9.32, 0.7226362, 8, -9.32, 0.7226362, 6, -24.6, 0.27263618, 9.200001, -10.2, 0.27263618, 8.799999, 7.4000015, 4.1726365, 10.600002, 13.600002, 4.1726365, 8.799999, 10.600002, 4.1726365, 6.6000004, -9.2, 0.27263618, 8.799999, -24.6, 0.27263618, 24.600002, -9.4, 0.27263618, 24.600002, 0.80000114, 0.27263618, 24.600002, 0.80000114, 0.27263618, 17.8, 0.20000076, 0.27263618, 17.600002, 13, 0.27263618, 16, 11.799999, 0.27263618, 16.8, 11.799999, 0.27263618, 24.600002, 24.600002, 0.27263618, 24.600002, 9.200001, 0.27263618, 14, 9.600002, 0.27263618, 13.400002, 7, 0.27263618, 11.600002, 9.400002, 0.27263618, 15.200001, 2.3999996, 0.27263618, 17.400002, 11, 0.27263618, 16.600002, 1, 4.1726365, 16.8, 1.6000004, 4.1726365, 16.8, 1.2000008, 4.1726365, 11, 0.39999962, 4.1726365, 11, 0.80000114, 0.27263618, 11.200001, 1, 0.27263618, 15.600002, 1.3999996, 0.27263618, 16.600002)
polygons = [PackedInt32Array(2, 1, 0), PackedInt32Array(4, 3, 5), PackedInt32Array(5, 3, 0), PackedInt32Array(7, 6, 3), PackedInt32Array(3, 6, 0), PackedInt32Array(0, 6, 2), PackedInt32Array(2, 6, 8), PackedInt32Array(11, 10, 9), PackedInt32Array(2, 12, 1), PackedInt32Array(12, 2, 13), PackedInt32Array(13, 2, 9), PackedInt32Array(9, 2, 11), PackedInt32Array(11, 2, 14), PackedInt32Array(15, 13, 16), PackedInt32Array(16, 13, 9), PackedInt32Array(20, 19, 17), PackedInt32Array(17, 19, 18), PackedInt32Array(24, 23, 21), PackedInt32Array(21, 23, 22), PackedInt32Array(26, 25, 27), PackedInt32Array(27, 25, 30), PackedInt32Array(27, 30, 29), PackedInt32Array(27, 29, 28), PackedInt32Array(31, 29, 32), PackedInt32Array(32, 29, 30), PackedInt32Array(34, 33, 35), PackedInt32Array(35, 33, 38), PackedInt32Array(35, 38, 37), PackedInt32Array(35, 37, 36), PackedInt32Array(28, 38, 39), PackedInt32Array(39, 38, 33), PackedInt32Array(16, 33, 15), PackedInt32Array(15, 33, 34), PackedInt32Array(37, 38, 40), PackedInt32Array(39, 27, 28), PackedInt32Array(35, 36, 5), PackedInt32Array(5, 36, 4), PackedInt32Array(42, 41, 43), PackedInt32Array(43, 41, 44), PackedInt32Array(44, 41, 45), PackedInt32Array(48, 47, 49), PackedInt32Array(49, 47, 46), PackedInt32Array(51, 50, 52), PackedInt32Array(52, 50, 53), PackedInt32Array(57, 56, 54), PackedInt32Array(54, 56, 55), PackedInt32Array(58, 10, 11), PackedInt32Array(61, 60, 59), PackedInt32Array(59, 62, 61), PackedInt32Array(61, 62, 58), PackedInt32Array(61, 58, 11), PackedInt32Array(25, 26, 62), PackedInt32Array(62, 26, 58), PackedInt32Array(65, 64, 66), PackedInt32Array(66, 64, 63), PackedInt32Array(67, 63, 7), PackedInt32Array(7, 63, 6), PackedInt32Array(6, 63, 68), PackedInt32Array(69, 66, 67), PackedInt32Array(67, 66, 63), PackedInt32Array(71, 70, 72), PackedInt32Array(72, 70, 73), PackedInt32Array(64, 74, 75), PackedInt32Array(75, 74, 40), PackedInt32Array(72, 73, 76), PackedInt32Array(76, 73, 79), PackedInt32Array(76, 79, 78), PackedInt32Array(76, 78, 77), PackedInt32Array(64, 65, 74), PackedInt32Array(83, 82, 80), PackedInt32Array(80, 82, 81), PackedInt32Array(80, 75, 78), PackedInt32Array(78, 75, 77), PackedInt32Array(77, 75, 38), PackedInt32Array(38, 75, 40), PackedInt32Array(31, 32, 77), PackedInt32Array(77, 32, 76), PackedInt32Array(73, 84, 79), PackedInt32Array(78, 83, 80), PackedInt32Array(88, 87, 85), PackedInt32Array(85, 87, 86), PackedInt32Array(92, 91, 89), PackedInt32Array(89, 91, 90), PackedInt32Array(96, 99, 97), PackedInt32Array(97, 99, 95), PackedInt32Array(97, 95, 98), PackedInt32Array(98, 95, 94), PackedInt32Array(98, 94, 93), PackedInt32Array(91, 92, 100), PackedInt32Array(100, 92, 102), PackedInt32Array(100, 102, 101), PackedInt32Array(103, 96, 102), PackedInt32Array(102, 96, 101), PackedInt32Array(96, 104, 99), PackedInt32Array(99, 104, 95), PackedInt32Array(70, 71, 105), PackedInt32Array(105, 71, 106), PackedInt32Array(103, 104, 96), PackedInt32Array(105, 106, 94), PackedInt32Array(94, 106, 93), PackedInt32Array(109, 108, 107), PackedInt32Array(111, 110, 112), PackedInt32Array(112, 110, 114), PackedInt32Array(112, 114, 113), PackedInt32Array(117, 116, 118), PackedInt32Array(118, 116, 119), PackedInt32Array(119, 116, 120), PackedInt32Array(120, 116, 115), PackedInt32Array(121, 113, 122), PackedInt32Array(122, 113, 114), PackedInt32Array(109, 107, 123), PackedInt32Array(123, 107, 121), PackedInt32Array(122, 123, 121), PackedInt32Array(120, 115, 123), PackedInt32Array(123, 115, 109), PackedInt32Array(127, 129, 124), PackedInt32Array(124, 129, 128), PackedInt32Array(128, 129, 126), PackedInt32Array(128, 126, 125), PackedInt32Array(124, 130, 127), PackedInt32Array(127, 130, 68), PackedInt32Array(124, 131, 130), PackedInt32Array(127, 68, 63), PackedInt32Array(90, 132, 89), PackedInt32Array(89, 132, 133), PackedInt32Array(133, 132, 134), PackedInt32Array(131, 135, 130), PackedInt32Array(130, 135, 137), PackedInt32Array(130, 137, 136), PackedInt32Array(139, 138, 140), PackedInt32Array(140, 138, 137), PackedInt32Array(81, 82, 135), PackedInt32Array(135, 82, 140), PackedInt32Array(135, 140, 137), PackedInt32Array(143, 142, 141), PackedInt32Array(60, 61, 141), PackedInt32Array(141, 61, 143), PackedInt32Array(143, 61, 144), PackedInt32Array(147, 146, 145), PackedInt32Array(145, 148, 147), PackedInt32Array(147, 148, 79), PackedInt32Array(79, 148, 149), PackedInt32Array(147, 79, 84), PackedInt32Array(138, 139, 149), PackedInt32Array(150, 142, 143), PackedInt32Array(148, 150, 149), PackedInt32Array(149, 150, 143), PackedInt32Array(149, 143, 138), PackedInt32Array(152, 151, 153), PackedInt32Array(153, 151, 154), PackedInt32Array(155, 157, 156)]
cell_size = 0.2
cell_height = 0.15
agent_height = 1.0
agent_radius = 0.4
agent_max_climb = 0.15

[sub_resource type="PlaneMesh" id="PlaneMesh_bski0"]
size = Vector2(50, 50)

[sub_resource type="FastNoiseLite" id="FastNoiseLite_ot3xf"]
noise_type = 2
frequency = 0.004

[sub_resource type="NoiseTexture2D" id="NoiseTexture2D_c7s1s"]
noise = SubResource("FastNoiseLite_ot3xf")

[sub_resource type="FastNoiseLite" id="FastNoiseLite_vxnm7"]
frequency = 1.0

[sub_resource type="NoiseTexture2D" id="NoiseTexture2D_ccshb"]
width = 256
height = 256
noise = SubResource("FastNoiseLite_vxnm7")

[sub_resource type="FastNoiseLite" id="FastNoiseLite_1snyg"]
frequency = 0.02
fractal_type = 0

[sub_resource type="NoiseTexture2D" id="NoiseTexture2D_pwpcb"]
noise = SubResource("FastNoiseLite_1snyg")
seamless = true

[sub_resource type="ShaderMaterial" id="ShaderMaterial_s70ui"]
render_priority = 0
shader = ExtResource("4_bski0")
shader_parameter/wind_noise = SubResource("NoiseTexture2D_pwpcb")
shader_parameter/gras_map = SubResource("NoiseTexture2D_c7s1s")
shader_parameter/random_noise = SubResource("NoiseTexture2D_ccshb")
shader_parameter/random_noise_strength = 0.1
shader_parameter/gras_strength = 0.435

[sub_resource type="PlaneMesh" id="PlaneMesh_5nc8e"]
material = SubResource("ShaderMaterial_s70ui")
size = Vector2(50, 50)

[sub_resource type="ConvexPolygonShape3D" id="ConvexPolygonShape3D_1snug"]
points = PackedVector3Array(-100, 0, -100, -100, 0, 100, 100, 0, 100, 100, 0, -100)

[sub_resource type="FastNoiseLite" id="FastNoiseLite_5ave8"]
frequency = 0.03
fractal_octaves = 3

[sub_resource type="FastNoiseLite" id="FastNoiseLite_c7s1s"]
noise_type = 2

[node name="veld" type="Node3D" unique_id=758643933]

[node name="schapen" type="Node3D" parent="." unique_id=808041578]
transform = Transform3D(0.004660069, 0, -0.99998915, 0, 1, 0, 0.99998915, 0, 0.004660069, -3.269, 0, 1.697)

[node name="Schaap" parent="schapen" unique_id=267504549 node_paths=PackedStringArray("cam", "gras_manager") instance=ExtResource("3_bski0")]
cam = NodePath("../../Camera3D")
gras_manager = NodePath("../../grond/gras")

[node name="Schaap4" parent="schapen" unique_id=670988552 node_paths=PackedStringArray("cam", "gras_manager") instance=ExtResource("3_bski0")]
transform = Transform3D(0.6163764, 0, 0.7874517, 0, 1, 0, -0.7874517, 0, 0.6163764, 3.1387677, 0, -0.17043352)
cam = NodePath("../../Camera3D")
gras_manager = NodePath("../../grond/gras")

[node name="Schaap5" parent="schapen" unique_id=32996501 node_paths=PackedStringArray("cam", "gras_manager") instance=ExtResource("3_bski0")]
transform = Transform3D(-0.9999288, 0, 0.011937773, 0, 1, 0, -0.011937773, 0, -0.9999288, -10.190376, 0, 8.543669)
cam = NodePath("../../Camera3D")
gras_manager = NodePath("../../grond/gras")

[node name="Schaap6" parent="schapen" unique_id=655873081 node_paths=PackedStringArray("cam", "gras_manager") instance=ExtResource("3_bski0")]
transform = Transform3D(-0.47959572, 0, 0.8774896, 0, 1, 0, -0.8774896, 0, -0.47959572, -3.9836369, 0, -8.419046)
cam = NodePath("../../Camera3D")
gras_manager = NodePath("../../grond/gras")

[node name="Schaap7" parent="schapen" unique_id=459055785 node_paths=PackedStringArray("cam", "gras_manager") instance=ExtResource("3_bski0")]
transform = Transform3D(-0.6366167, 0, -0.7711804, 0, 1, 0, 0.7711804, 0, -0.6366167, -3.8786426, 0, -5.76301)
cam = NodePath("../../Camera3D")
gras_manager = NodePath("../../grond/gras")

[node name="Schaap8" parent="schapen" unique_id=776454124 node_paths=PackedStringArray("cam", "gras_manager") instance=ExtResource("3_bski0")]
transform = Transform3D(0.5449464, 0, -0.83847094, 0, 1, 0, 0.83847094, 0, 0.5449464, -8.696822, 0, -4.4637938)
cam = NodePath("../../Camera3D")
gras_manager = NodePath("../../grond/gras")

[node name="Schaap2" parent="schapen" unique_id=1086239353 node_paths=PackedStringArray("cam", "gras_manager") instance=ExtResource("3_bski0")]
transform = Transform3D(-0.55874425, 0, 0.8293401, 0, 1, 0, -0.8293401, 0, -0.55874425, -0.0470984, 0, -5.9115386)
cam = NodePath("../../Camera3D")
gras_manager = NodePath("../../grond/gras")

[node name="Schaap3" parent="schapen" unique_id=1183785107 node_paths=PackedStringArray("cam", "gras_manager") instance=ExtResource("3_bski0")]
transform = Transform3D(0.89255446, 0, 0.45093977, 0, 1, 0, -0.45093977, 0, 0.89255446, 2.8653564, 0, -3.7521908)
cam = NodePath("../../Camera3D")
gras_manager = NodePath("../../grond/gras")

[node name="Schaap9" parent="schapen" unique_id=258340122 node_paths=PackedStringArray("cam", "gras_manager") instance=ExtResource("3_bski0")]
transform = Transform3D(0.73231715, 0, 0.6809638, 0, 1, 0, -0.6809638, 0, 0.73231715, 1.4602618, 0, -2.911818)
cam = NodePath("../../Camera3D")
gras_manager = NodePath("../../grond/gras")

[node name="Schaap10" parent="schapen" unique_id=1718408612 node_paths=PackedStringArray("cam", "gras_manager") instance=ExtResource("3_bski0")]
transform = Transform3D(-0.08484314, 0, 0.9963946, 0, 1, 0, -0.9963946, 0, -0.08484314, 3.642775, 0, -5.1740174)
cam = NodePath("../../Camera3D")
gras_manager = NodePath("../../grond/gras")

[node name="Schaap11" parent="schapen" unique_id=2120287503 node_paths=PackedStringArray("cam", "gras_manager") instance=ExtResource("3_bski0")]
transform = Transform3D(-0.7403943, 0, -0.67217284, 0, 1, 0, 0.67217284, 0, -0.7403943, -0.18439627, 0, 10.284135)
cam = NodePath("../../Camera3D")
gras_manager = NodePath("../../grond/gras")

[node name="Schaap12" parent="schapen" unique_id=857102025 node_paths=PackedStringArray("cam", "gras_manager") instance=ExtResource("3_bski0")]
transform = Transform3D(-0.94875467, 0, 0.31601351, 0, 1, 0, -0.31601351, 0, -0.94875467, -7.1900897, 0, -6.3645167)
cam = NodePath("../../Camera3D")
gras_manager = NodePath("../../grond/gras")

[node name="Schaap13" parent="schapen" unique_id=2031403937 node_paths=PackedStringArray("cam", "gras_manager") instance=ExtResource("3_bski0")]
transform = Transform3D(0.05894067, 0, -0.99826163, 0, 1, 0, 0.99826163, 0, 0.05894067, -5.304535, 0, -4.490953)
cam = NodePath("../../Camera3D")
gras_manager = NodePath("../../grond/gras")

[node name="Schaap14" parent="schapen" unique_id=1490206253 node_paths=PackedStringArray("cam", "gras_manager") instance=ExtResource("3_bski0")]
transform = Transform3D(0.9700418, 0, -0.24293791, 0, 1, 0, 0.24293791, 0, 0.9700418, -7.9482527, 0, -0.25850987)
cam = NodePath("../../Camera3D")
gras_manager = NodePath("../../grond/gras")

[node name="Schaap15" parent="schapen" unique_id=1925175324 node_paths=PackedStringArray("cam", "gras_manager") instance=ExtResource("3_bski0")]
transform = Transform3D(-0.9739287, 0, 0.22685556, 0, 1, 0, -0.22685556, 0, -0.9739287, -2.5997725, 0, -7.208869)
cam = NodePath("../../Camera3D")
gras_manager = NodePath("../../grond/gras")

[node name="Schaap16" parent="schapen" unique_id=1919392779 node_paths=PackedStringArray("cam", "gras_manager") instance=ExtResource("3_bski0")]
transform = Transform3D(0.34655935, 0, 0.9380283, 0, 1, 0, -0.9380283, 0, 0.34655935, 1.0035062, 0, -7.6108174)
cam = NodePath("../../Camera3D")
gras_manager = NodePath("../../grond/gras")

[node name="Camera3D" type="Camera3D" parent="." unique_id=1317603994 node_paths=PackedStringArray("debug_sphere", "gras_manager")]
transform = Transform3D(-4.371139e-08, -1, 0, -4.371139e-08, 1.9106855e-15, 1, -1, 4.371139e-08, -4.371139e-08, 0, 36.99217, 0)
current = true
script = ExtResource("2_rbvbe")
debug_sphere = NodePath("../Debug_sphere")
gras_manager = NodePath("../grond/gras")

[node name="Debug_sphere" type="MeshInstance3D" parent="." unique_id=1129343615]
mesh = SubResource("SphereMesh_4keu6")

[node name="achtergrond" type="WorldEnvironment" parent="." unique_id=625299007]
environment = SubResource("Environment_kes36")

[node name="zonnetje" type="DirectionalLight3D" parent="." unique_id=761147562]
transform = Transform3D(0.92899054, -0.284332, 0.23692173, 0, 0.64014995, 0.76825, -0.37010348, -0.71369696, 0.59469324, 0, 0, 0)
light_energy = 1.92

[node name="NavigationRegion3D" type="NavigationRegion3D" parent="." unique_id=2114053656]
navigation_mesh = SubResource("NavigationMesh_rbvbe")

[node name="MeshInstance3D" type="MeshInstance3D" parent="NavigationRegion3D" unique_id=935695432]
visible = false
mesh = SubResource("PlaneMesh_bski0")

[node name="CSGCombiner3D" type="CSGCombiner3D" parent="NavigationRegion3D" unique_id=892237312]
use_collision = true

[node name="CSGBox3D" type="CSGBox3D" parent="NavigationRegion3D/CSGCombiner3D" unique_id=993398921]
transform = Transform3D(1, 0, 0, 0, 1, 0, 0, 0, 1, 6.065048, 0, 1.3597269)

[node name="CSGBox3D2" type="CSGBox3D" parent="NavigationRegion3D/CSGCombiner3D" unique_id=2139002942]
transform = Transform3D(1, 0, 0, 0, 1, 0, 0, 0, 1, -6.956005, 0, 6.989517)
size = Vector3(4.4506836, 1, 2.666504)

[node name="CSGBox3D9" type="CSGBox3D" parent="NavigationRegion3D/CSGCombiner3D" unique_id=962686680]
transform = Transform3D(0.57573104, -0.16602384, 0.8006059, 0.27707988, 0.9608469, 0, -0.7692597, 0.22183178, 0.59919125, 9.366305, -0.51732427, 6.3468833)
size = Vector3(6.600586, 2.6967773, 2.036255)

[node name="CSGBox3D10" type="CSGBox3D" parent="NavigationRegion3D/CSGCombiner3D" unique_id=749831375]
transform = Transform3D(0.7447722, -0.30712318, -0.5924438, 0.2742686, 0.95022583, -0.1478094, 0.6083511, -0.05240441, 0.79193604, 13.185292, 0.39242125, 6.777839)
size = Vector3(7.8812103, 3.3955078, 2.3326416)

[node name="CSGBox3D11" type="CSGBox3D" parent="NavigationRegion3D/CSGCombiner3D" unique_id=542237813]
transform = Transform3D(-0.63293815, -0.09659526, -0.7681527, 0.19945261, 0.9383507, -0.28234142, 0.7480695, -0.33191475, -0.5746517, 13.435802, 1.2913905, 11.5780115)
size = Vector3(8.8118515, 4.539673, 2.501587)

[node name="CSGBox3D8" type="CSGBox3D" parent="NavigationRegion3D/CSGCombiner3D" unique_id=1738524203]
transform = Transform3D(0.9707165, -0.24022807, 0, 0.24022807, 0.9707165, 0, 0, 0, 1, -11.187851, -0.5125842, 6.989517)
size = Vector3(4.4506836, 1, 2.666504)

[node name="CSGBox3D3" type="CSGBox3D" parent="NavigationRegion3D/CSGCombiner3D" unique_id=2051744807]
transform = Transform3D(0.78156406, 0, -0.623825, 0, 1, 0, 0.623825, 0, 0.78156406, 10.514103, 1.6947632, 9.7990055)
size = Vector3(4.3100586, 4.3895264, 5.7958984)

[node name="CSGBox3D5" type="CSGBox3D" parent="NavigationRegion3D/CSGCombiner3D" unique_id=1995547646]
transform = Transform3D(0.08421704, 0, -0.99644744, 0, 1, 0, 0.99644744, 0, 0.08421704, 3.3031816, 1.6947632, -12.681427)
size = Vector3(4.3100586, 4.3895264, 3.3261719)

[node name="CSGBox3D6" type="CSGBox3D" parent="NavigationRegion3D/CSGCombiner3D" unique_id=1209654011]
transform = Transform3D(0.08421704, 0, -0.99644744, 0, 1, 0, 0.99644744, 0, 0.08421704, 14.853061, 1.6947632, -2.7315583)
size = Vector3(4.3100586, 4.3895264, 9.1171875)

[node name="CSGBox3D7" type="CSGBox3D" parent="NavigationRegion3D/CSGCombiner3D" unique_id=1258684608]
transform = Transform3D(0.08421704, 0, -0.99644744, 0, 1, 0, 0.99644744, 0, 0.08421704, 1.0752478, 1.6947632, 13.940778)
size = Vector3(6.477295, 4.3895264, 1.293457)

[node name="CSGBox3D4" type="CSGBox3D" parent="NavigationRegion3D/CSGCombiner3D" unique_id=1388238618]
transform = Transform3D(0.8064446, 0, 0.59130967, 0, 1, 0, -0.59130967, 0, 0.8064446, -7.799288, 0.5402527, -2.6651325)
size = Vector3(4.3100586, 2.0805054, 5.7958984)

[node name="grond" type="StaticBody3D" parent="." unique_id=256674583]

[node name="grond mesh" type="MeshInstance3D" parent="grond" unique_id=1690460417]
mesh = SubResource("PlaneMesh_5nc8e")

[node name="CollisionShape3D" type="CollisionShape3D" parent="grond" unique_id=1663542506]
shape = SubResource("ConvexPolygonShape3D_1snug")

[node name="gras" type="Node3D" parent="grond" unique_id=1021830362 node_paths=PackedStringArray("grond_mesh", "gras_mesh")]
script = ExtResource("5_bski0")
grond_mesh = NodePath("../grond mesh")
gras_mesh = NodePath("../gras_mesh")
world_noise_generator = SubResource("FastNoiseLite_5ave8")
local_noise_generator = SubResource("FastNoiseLite_c7s1s")

[node name="gras_mesh" type="Node3D" parent="grond" unique_id=719333787 node_paths=PackedStringArray("grond")]
script = ExtResource("6_mrk32")
gras_mode = "quads"
grond = NodePath("../../NavigationRegion3D/MeshInstance3D")
gras_individual_mesh = ExtResource("7_4keu6")
gras_quad_mesh = ExtResource("8_5ave8")
chunk_size = 50.0
gras_quad_density = 8.0
